# Format:
# <HOURS:MINUTES><COLD CHANNEL VALUE><WARM CHANNEL VALUE><WHITE CHANNEL VALUE><BLUE LEDS VALUE><CO2 ON/OFF><COOLING FAN VALUE><T8 ON/OFF>

# =======================================================================================================================================

# time---cold---warm---white--blue---co2----fan----t8
00:00    0      0      0      1      0      0      0

4:44     0      0      0      1      0      0      0
5:12     2      5      2      50     0      1      0
5:42     10     70     10     20     1      1      0
6:12     80     90     80     80     1      1      0
8:42     100    100    100    100    1      1      0

12:19    100    100    100    100    1      1      0
14:49    60     100    80     80     1      1      0
15:19    5      80     10     20     0      1      0
15:49    1      5      2      50     0      0      0
16:17    0.5    0      0      2      0      0      0

18:30    0.5    0      0      2      0      0      0
19:30    1      0      0      10     0      0      0
20:30    0      0      0      2      0      0      0

23:59    0      0      0      1      0      0      0
# =======================================================================================================================================
