# Format:
# <HOURS:MINUTES><COLD CHANNEL VALUE><WARM CHANNEL VALUE><WHITE CHANNEL VALUE><BLUE LEDS VALUE><CO2 ON/OFF><COOLING FAN VALUE><T8 ON/OFF>

# =======================================================================================================================================

# time---cold---warm---white--blue---co2----fan----t8
00:00    0      0      0      1      0      0      0

CIVIL_TW_BEG     0      0      0      1      0      0      0
SUNRISEp0     2      5      2      50     0      1      0
SUNRISEp30     5      80     5      20     1      1      0
SUNRISEp60     50     90     80     80     1      1      0
SUNRISEp210     100    100    100    20     1      1      0

SUNSETm210    100    100    100    20     1      1      0
SUNSETm60    50     100    80     80     1      1      0
SUNSETm30    2      80     5      20     0      1      0
SUNSETm0    0.5    5      2      50     0      0      0
CIVIL_TW_END    0.1    0      0      2      0      0      0

18:45    0.2    0      0      2      0      0      0
19:45    0.4    0      0      5      0      0      0
20:45    0      0      0      1      0      0      0

23:59    0      0      0      1      0      0      0
# =======================================================================================================================================
