# Format:
# <HOURS:MINUTES><COLD CHANNEL VALUE><WARM CHANNEL VALUE><WHITE CHANNEL VALUE><BLUE LEDS VALUE><CO2 ON/OFF><COOLING FAN ON/OFF><AUX ON/OFF>

# =========================================================================================================================================

# type---pwm----pwm----pwm----pwm----on/off-on/off-pwm----on/off
# --------------------------------------------------------------
# time---cold---warm---white--blue---co2----fans---aux1---aux2--
00:00    0      0      0      1      0      0      0      0

03:36    0      0      0      1      0      0      0      0
04:04    2      5      2      20     0      1      0.5    0
04:34    5      80     5      20     0      1      1      1
05:04    40     99     60     40     0      1      10     1
07:34    90     80     90     80     0      1      70     1

13:58    90     80     90     80     0      1      70     1
16:28    40     99     60     40     0      1      10     1
16:58    5      85     2      20     0      1      1      0
17:28    2      5      1      20     0      0      0.5    0
17:57    0.2    0      0      2      0      0      0      0

18:45    0.1    0      0      2      0      0      0      0
19:45    0.1    0      0      5      0      0      0      0
20:45    0      0      0      1      0      0      0      0
21:55    0      0      0      0.5    0      0      0      0

23:59    0      0      0      0.5    0      0      0      0
# =========================================================================================================================================
